f1(x[1]) = 100.000000,f1(x[2]) = 4604017218.155912,
f2(x[1]) = 200.000000,f2(x[2]) = 16424929791.945568,
f3(x[1]) = 300.000000,f3(x[2]) = 8798332.524563,
f4(x[1]) = 400.000000,f4(x[2]) = 12017.897332,
f5(x[1]) = 500.000000,f5(x[2]) = 521.927043,
f6(x[1]) = 600.000000,f6(x[2]) = 615.135072,
f7(x[1]) = 700.000000,f7(x[2]) = 1119.372374,
f8(x[1]) = 800.000000,f8(x[2]) = 984.245571,
f9(x[1]) = 900.000000,f9(x[2]) = 1021.647655,
f10(x[1]) = 1000.000000,f10(x[2]) = 3369.983858,
f11(x[1]) = 1100.000000,f11(x[2]) = 4016.477216,
f12(x[1]) = 1200.000000,f12(x[2]) = 1211.016214,
f13(x[1]) = 1300.000000,f13(x[2]) = 1308.072165,
f14(x[1]) = 1400.000000,f14(x[2]) = 1466.113999,
f15(x[1]) = 1500.000000,f15(x[2]) = 113563.205843,
f16(x[1]) = 1600.000000,f16(x[2]) = 1604.783841,
f17(x[1]) = 1700.000000,f17(x[2]) = 33584263.059622,
f18(x[1]) = 1800.000000,f18(x[2]) = 199405813.780396,
f19(x[1]) = 1900.000000,f19(x[2]) = 3039.175781,
f20(x[1]) = 2000.000000,f20(x[2]) = 824178075.748958,
f21(x[1]) = 2100.000000,f21(x[2]) = 2675464151.932658,
f22(x[1]) = 2200.000000,f22(x[2]) = 11523.440402,
f23(x[1]) = 2300.000000,f23(x[2]) = 2500.000000,
f24(x[1]) = 2400.000000,f24(x[2]) = 2600.000000,
f25(x[1]) = 2500.000000,f25(x[2]) = 2700.000000,
f26(x[1]) = 2600.000000,f26(x[2]) = 2800.000000,
f27(x[1]) = 2700.000000,f27(x[2]) = 2900.000000,
f28(x[1]) = 2800.000000,f28(x[2]) = 3000.000000,
f29(x[1]) = 2900.000000,f29(x[2]) = 3100.000000,
f30(x[1]) = 3000.000000,f30(x[2]) = 3200.000000,
